7787
3
107980
7
J
7112
4
185380
1
J
7934
5
116530
1
J
5207
5
111940
2
S
7738
2
144390
3
S
9360
5
115040
5
P
9126
1
164730
5
P
5094
5
117550
5
K
3124
1
160860
1
K
1755
2
160240
8
K
8492
2
192550
5
K
9882
3
156000
7
T
8747
5
148810
5
T
4042
3
176660
8
T
5446
1
120330
1
T
2113
4
173080
8
T
1892
4
184200
4
B
5951
4
149170
5
B
8064
1
186750
8
B
9959
5
161470
4
R
3718
1
146140
3
R
8540
3
157500
3
R
4717
5
121430
4
C
4489
3
133530
1
C
3575
1
105390
1
E
6455
4
199570
7
E
1287
1
122020
7
E
3833
3
101920
6
M
3785
2
123130
4
M
6838
4
111220
2
M
