5
20
8
161510
U
5
121
6
137320
N
5
11
3
153360
U
5
82
7
135800
U
5
27
9
170960
U
5
33
13
151340
U
5
76
5
124370
N
3
57
23
129360
N
3
38
6
179210
U
3
17
2
120620
N
3
39
5
128090
N
20
32
18
115360
N
20
23
13
148670
N
20
60
7
198710
U
20
13
14
146940
N
20
82
12
113590
U
20
118
13
120960
N
10
90
6
117370
N
10
41
22
198810
U
10
107
29
115700
N
10
21
12
189960
U
10
110
11
197980
U
11
52
14
171040
N
11
73
28
151490
N
11
42
10
133030
U
11
111
23
196100
U
11
4
14
193540
U
11
65
9
186260
N
18
29
9
193230
N
18
57
23
173720
U
18
142
23
125850
U
18
33
11
143640
N
19
143
6
104930
N
19
87
7
179170
N
